      GLY   ALA   SER   CYS   VAL   THR   ILE   PRO   MET   ASP   ASN   LEU   LYS   GLU   GLN   ARG   HIS   PHE   TYR   TRP 
GLY   6.0   0.0   0.0  -3.0  -3.0  -2.0  -4.0  -2.0  -3.0  -1.0   0.0  -4.0  -2.0  -2.0  -2.0  -2.0  -2.0  -3.0  -3.0  -2.0
ALA   0.0   4.0   1.0   0.0   0.0   0.0  -1.0  -1.0  -1.0  -2.0  -2.0  -1.0  -1.0  -1.0  -1.0  -1.0  -2.0  -2.0  -2.0  -3.0
SER   0.0   1.0   4.0  -1.0  -2.0   1.0  -2.0  -1.0  -1.0   0.0   1.0  -2.0   0.0   0.0   0.0  -1.0  -1.0  -2.0  -2.0  -3.0
CYS  -3.0   0.0  -1.0   9.0  -1.0  -1.0  -1.0  -3.0  -1.0  -3.0  -3.0  -1.0  -3.0  -4.0  -3.0  -3.0  -3.0  -2.0  -2.0  -2.0
VAL  -3.0   0.0  -2.0  -1.0   4.0   0.0   3.0  -2.0   1.0  -3.0  -3.0   1.0  -2.0  -2.0  -2.0  -3.0  -3.0  -1.0  -1.0  -3.0
THR  -2.0   0.0   1.0  -1.0   0.0   5.0  -1.0  -1.0  -1.0  -1.0   0.0  -1.0  -1.0  -1.0  -1.0  -1.0  -2.0  -2.0  -2.0  -2.0
ILE  -4.0  -1.0  -2.0  -1.0   3.0  -1.0   4.0  -3.0   1.0  -3.0  -3.0   2.0  -3.0  -3.0  -3.0  -3.0  -3.0   0.0  -1.0  -3.0
PRO  -2.0  -1.0  -1.0  -3.0  -2.0  -1.0  -3.0   7.0  -2.0  -1.0  -2.0  -3.0  -1.0  -1.0  -1.0  -2.0  -2.0  -4.0  -3.0  -4.0
MET  -3.0  -1.0  -1.0  -1.0   1.0  -1.0   1.0  -2.0   5.0  -3.0  -2.0   2.0  -1.0  -2.0   0.0  -1.0  -2.0   0.0  -1.0  -1.0
ASP  -1.0  -2.0   0.0  -3.0  -3.0  -1.0  -3.0  -1.0  -3.0   6.0   1.0  -4.0  -1.0   2.0   0.0  -2.0  -1.0  -3.0  -3.0  -4.0
ASN   0.0  -2.0   1.0  -3.0  -3.0   0.0  -3.0  -2.0  -2.0   1.0   6.0  -3.0   0.0   0.0   0.0   0.0   1.0  -3.0  -2.0  -4.0
LEU  -4.0  -1.0  -2.0  -1.0   1.0  -1.0   2.0  -3.0   2.0  -4.0  -3.0   4.0  -2.0  -3.0  -2.0  -2.0  -3.0   0.0  -1.0  -2.0
LYS  -2.0  -1.0   0.0  -3.0  -2.0  -1.0  -3.0  -1.0  -1.0  -1.0   0.0  -2.0   5.0   1.0   1.0   2.0  -1.0  -3.0  -2.0  -3.0
GLU  -2.0  -1.0   0.0  -4.0  -2.0  -1.0  -3.0  -1.0  -2.0   2.0   0.0  -3.0   1.0   5.0   2.0   0.0   0.0  -3.0  -2.0  -3.0
GLN  -2.0  -1.0   0.0  -3.0  -2.0  -1.0  -3.0  -1.0   0.0   0.0   0.0  -2.0   1.0   2.0   5.0   1.0   0.0  -3.0  -1.0  -2.0
ARG  -2.0  -1.0  -1.0  -3.0  -3.0  -1.0  -3.0  -2.0  -1.0  -2.0   0.0  -2.0   2.0   0.0   1.0   5.0   0.0  -3.0  -2.0  -3.0
HIS  -2.0  -2.0  -1.0  -3.0  -3.0  -2.0  -3.0  -2.0  -2.0  -1.0   1.0  -3.0  -1.0   0.0   0.0   0.0   8.0  -1.0   2.0  -2.0
PHE  -3.0  -2.0  -2.0  -2.0  -1.0  -2.0   0.0  -4.0   0.0  -3.0  -3.0   0.0  -3.0  -3.0  -3.0  -3.0  -1.0   6.0   3.0   1.0
TYR  -3.0  -2.0  -2.0  -2.0  -1.0  -2.0  -1.0  -3.0  -1.0  -3.0  -2.0  -1.0  -2.0  -2.0  -1.0  -2.0   2.0   3.0   7.0   2.0
TRP  -2.0  -3.0  -3.0  -2.0  -3.0  -2.0  -3.0  -4.0  -1.0  -4.0  -4.0  -2.0  -3.0  -3.0  -2.0  -3.0  -2.0   1.0   2.0   11.0

